# Time        	cpuTime       	clockTime     	cpu/step      	clock/step    
0.001         	3.400000e-01	0.000000e+00	3.400000e-01	0.000000e+00
0.002         	6.000000e-01	1.000000e+00	2.600000e-01	1.000000e+00
0.003         	8.800000e-01	1.000000e+00	2.800000e-01	0.000000e+00
0.004         	1.180000e+00	1.000000e+00	3.000000e-01	0.000000e+00
0.005         	1.470000e+00	1.000000e+00	2.900000e-01	0.000000e+00
0.006         	1.750000e+00	2.000000e+00	2.800000e-01	1.000000e+00
0.007         	2.040000e+00	2.000000e+00	2.900000e-01	0.000000e+00
0.008         	2.320000e+00	2.000000e+00	2.800000e-01	0.000000e+00
0.009         	2.590000e+00	3.000000e+00	2.700000e-01	1.000000e+00
0.01          	2.860000e+00	3.000000e+00	2.700000e-01	0.000000e+00
0.011         	3.110000e+00	3.000000e+00	2.500000e-01	0.000000e+00
0.012         	3.370000e+00	3.000000e+00	2.600000e-01	0.000000e+00
0.013         	3.620000e+00	4.000000e+00	2.500000e-01	1.000000e+00
0.014         	3.890000e+00	4.000000e+00	2.700000e-01	0.000000e+00
0.015         	4.140000e+00	4.000000e+00	2.500000e-01	0.000000e+00
0.016         	4.390000e+00	4.000000e+00	2.500000e-01	0.000000e+00
0.017         	4.640000e+00	5.000000e+00	2.500000e-01	1.000000e+00
0.018         	4.900000e+00	5.000000e+00	2.600000e-01	0.000000e+00
0.019         	5.150000e+00	5.000000e+00	2.500000e-01	0.000000e+00
0.02          	5.400000e+00	5.000000e+00	2.500000e-01	0.000000e+00
0.021         	5.650000e+00	6.000000e+00	2.500000e-01	1.000000e+00
0.022         	5.900000e+00	6.000000e+00	2.500000e-01	0.000000e+00
0.023         	6.150000e+00	6.000000e+00	2.500000e-01	0.000000e+00
0.024         	6.400000e+00	6.000000e+00	2.500000e-01	0.000000e+00
0.025         	6.660000e+00	7.000000e+00	2.600000e-01	1.000000e+00
0.026         	6.910000e+00	7.000000e+00	2.500000e-01	0.000000e+00
0.027         	7.180000e+00	7.000000e+00	2.700000e-01	0.000000e+00
0.028         	7.450000e+00	7.000000e+00	2.700000e-01	0.000000e+00
0.029         	7.710000e+00	8.000000e+00	2.600000e-01	1.000000e+00
0.03          	7.960000e+00	8.000000e+00	2.500000e-01	0.000000e+00
0.031         	8.220000e+00	8.000000e+00	2.600000e-01	0.000000e+00
0.032         	8.470000e+00	8.000000e+00	2.500000e-01	0.000000e+00
0.033         	8.710000e+00	9.000000e+00	2.400000e-01	1.000000e+00
0.034         	8.950000e+00	9.000000e+00	2.400000e-01	0.000000e+00
0.035         	9.200000e+00	9.000000e+00	2.500000e-01	0.000000e+00
0.036         	9.460000e+00	9.000000e+00	2.600000e-01	0.000000e+00
0.037         	9.710000e+00	1.000000e+01	2.500000e-01	1.000000e+00
0.038         	9.960000e+00	1.000000e+01	2.500000e-01	0.000000e+00
0.039         	1.022000e+01	1.000000e+01	2.600000e-01	0.000000e+00
0.04          	1.049000e+01	1.000000e+01	2.700000e-01	0.000000e+00
0.041         	1.075000e+01	1.100000e+01	2.600000e-01	1.000000e+00
0.042         	1.100000e+01	1.100000e+01	2.500000e-01	0.000000e+00
0.043         	1.126000e+01	1.100000e+01	2.600000e-01	0.000000e+00
0.044         	1.152000e+01	1.100000e+01	2.600000e-01	0.000000e+00
0.045         	1.177000e+01	1.200000e+01	2.500000e-01	1.000000e+00
0.046         	1.202000e+01	1.200000e+01	2.500000e-01	0.000000e+00
0.047         	1.227000e+01	1.200000e+01	2.500000e-01	0.000000e+00
0.048         	1.252000e+01	1.300000e+01	2.500000e-01	1.000000e+00
0.049         	1.278000e+01	1.300000e+01	2.600000e-01	0.000000e+00
0.05          	1.303000e+01	1.300000e+01	2.500000e-01	0.000000e+00
0.051         	1.328000e+01	1.300000e+01	2.500000e-01	0.000000e+00
0.052         	1.353000e+01	1.400000e+01	2.500000e-01	1.000000e+00
0.053         	1.377000e+01	1.400000e+01	2.400000e-01	0.000000e+00
0.054         	1.402000e+01	1.400000e+01	2.500000e-01	0.000000e+00
0.055         	1.426000e+01	1.400000e+01	2.400000e-01	0.000000e+00
0.056         	1.450000e+01	1.400000e+01	2.400000e-01	0.000000e+00
0.057         	1.474000e+01	1.500000e+01	2.400000e-01	1.000000e+00
0.058         	1.498000e+01	1.500000e+01	2.400000e-01	0.000000e+00
0.059         	1.522000e+01	1.500000e+01	2.400000e-01	0.000000e+00
0.06          	1.546000e+01	1.500000e+01	2.400000e-01	0.000000e+00
0.061         	1.569000e+01	1.600000e+01	2.300000e-01	1.000000e+00
0.062         	1.594000e+01	1.600000e+01	2.500000e-01	0.000000e+00
0.063         	1.618000e+01	1.600000e+01	2.400000e-01	0.000000e+00
0.064         	1.641000e+01	1.600000e+01	2.300000e-01	0.000000e+00
0.065         	1.665000e+01	1.700000e+01	2.400000e-01	1.000000e+00
0.066         	1.689000e+01	1.700000e+01	2.400000e-01	0.000000e+00
0.067         	1.712000e+01	1.700000e+01	2.300000e-01	0.000000e+00
0.068         	1.736000e+01	1.700000e+01	2.400000e-01	0.000000e+00
0.069         	1.760000e+01	1.800000e+01	2.400000e-01	1.000000e+00
0.07          	1.783000e+01	1.800000e+01	2.300000e-01	0.000000e+00
0.071         	1.808000e+01	1.800000e+01	2.500000e-01	0.000000e+00
0.072         	1.832000e+01	1.800000e+01	2.400000e-01	0.000000e+00
0.073         	1.856000e+01	1.900000e+01	2.400000e-01	1.000000e+00
0.074         	1.880000e+01	1.900000e+01	2.400000e-01	0.000000e+00
0.075         	1.904000e+01	1.900000e+01	2.400000e-01	0.000000e+00
0.076         	1.928000e+01	1.900000e+01	2.400000e-01	0.000000e+00
0.077         	1.951000e+01	1.900000e+01	2.300000e-01	0.000000e+00
0.078         	1.976000e+01	2.000000e+01	2.500000e-01	1.000000e+00
0.079         	1.999000e+01	2.000000e+01	2.300000e-01	0.000000e+00
0.08          	2.023000e+01	2.000000e+01	2.400000e-01	0.000000e+00
0.081         	2.048000e+01	2.000000e+01	2.500000e-01	0.000000e+00
0.082         	2.071000e+01	2.100000e+01	2.300000e-01	1.000000e+00
0.083         	2.096000e+01	2.100000e+01	2.500000e-01	0.000000e+00
0.084         	2.121000e+01	2.100000e+01	2.500000e-01	0.000000e+00
0.085         	2.144000e+01	2.100000e+01	2.300000e-01	0.000000e+00
0.086         	2.169000e+01	2.200000e+01	2.500000e-01	1.000000e+00
0.087         	2.193000e+01	2.200000e+01	2.400000e-01	0.000000e+00
0.088         	2.217000e+01	2.200000e+01	2.400000e-01	0.000000e+00
0.089         	2.241000e+01	2.200000e+01	2.400000e-01	0.000000e+00
0.09          	2.265000e+01	2.300000e+01	2.400000e-01	1.000000e+00
0.091         	2.289000e+01	2.300000e+01	2.400000e-01	0.000000e+00
0.092         	2.313000e+01	2.300000e+01	2.400000e-01	0.000000e+00
0.093         	2.336000e+01	2.300000e+01	2.300000e-01	0.000000e+00
0.094         	2.361000e+01	2.400000e+01	2.500000e-01	1.000000e+00
0.095         	2.384000e+01	2.400000e+01	2.300000e-01	0.000000e+00
0.096         	2.409000e+01	2.400000e+01	2.500000e-01	0.000000e+00
0.097         	2.432000e+01	2.400000e+01	2.300000e-01	0.000000e+00
0.098         	2.456000e+01	2.500000e+01	2.400000e-01	1.000000e+00
0.099         	2.479000e+01	2.500000e+01	2.300000e-01	0.000000e+00
0.1           	2.504000e+01	2.500000e+01	2.500000e-01	0.000000e+00
0.101         	2.527000e+01	2.500000e+01	2.300000e-01	0.000000e+00
0.102         	2.551000e+01	2.500000e+01	2.400000e-01	0.000000e+00
0.103         	2.574000e+01	2.600000e+01	2.300000e-01	1.000000e+00
0.104         	2.599000e+01	2.600000e+01	2.500000e-01	0.000000e+00
0.105         	2.623000e+01	2.600000e+01	2.400000e-01	0.000000e+00
0.106         	2.646000e+01	2.600000e+01	2.300000e-01	0.000000e+00
0.107         	2.670000e+01	2.700000e+01	2.400000e-01	1.000000e+00
0.108         	2.693000e+01	2.700000e+01	2.300000e-01	0.000000e+00
0.109         	2.717000e+01	2.700000e+01	2.400000e-01	0.000000e+00
0.11          	2.741000e+01	2.700000e+01	2.400000e-01	0.000000e+00
0.111         	2.764000e+01	2.800000e+01	2.300000e-01	1.000000e+00
0.112         	2.788000e+01	2.800000e+01	2.400000e-01	0.000000e+00
0.113         	2.812000e+01	2.800000e+01	2.400000e-01	0.000000e+00
0.114         	2.836000e+01	2.800000e+01	2.400000e-01	0.000000e+00
0.115         	2.859000e+01	2.900000e+01	2.300000e-01	1.000000e+00
0.116         	2.883000e+01	2.900000e+01	2.400000e-01	0.000000e+00
0.117         	2.907000e+01	2.900000e+01	2.400000e-01	0.000000e+00
0.118         	2.931000e+01	2.900000e+01	2.400000e-01	0.000000e+00
0.119         	2.954000e+01	3.000000e+01	2.300000e-01	1.000000e+00
0.12          	2.978000e+01	3.000000e+01	2.400000e-01	0.000000e+00
0.121         	3.002000e+01	3.000000e+01	2.400000e-01	0.000000e+00
0.122         	3.025000e+01	3.000000e+01	2.300000e-01	0.000000e+00
0.123         	3.048000e+01	3.000000e+01	2.300000e-01	0.000000e+00
0.124         	3.071000e+01	3.100000e+01	2.300000e-01	1.000000e+00
0.125         	3.095000e+01	3.100000e+01	2.400000e-01	0.000000e+00
0.126         	3.118000e+01	3.100000e+01	2.300000e-01	0.000000e+00
0.127         	3.141000e+01	3.100000e+01	2.300000e-01	0.000000e+00
0.128         	3.164000e+01	3.200000e+01	2.300000e-01	1.000000e+00
0.129         	3.187000e+01	3.200000e+01	2.300000e-01	0.000000e+00
0.13          	3.211000e+01	3.200000e+01	2.400000e-01	0.000000e+00
0.131         	3.235000e+01	3.200000e+01	2.400000e-01	0.000000e+00
0.132         	3.259000e+01	3.300000e+01	2.400000e-01	1.000000e+00
0.133         	3.283000e+01	3.300000e+01	2.400000e-01	0.000000e+00
0.134         	3.306000e+01	3.300000e+01	2.300000e-01	0.000000e+00
0.135         	3.329000e+01	3.300000e+01	2.300000e-01	0.000000e+00
0.136         	3.354000e+01	3.400000e+01	2.500000e-01	1.000000e+00
0.137         	3.377000e+01	3.400000e+01	2.300000e-01	0.000000e+00
0.138         	3.401000e+01	3.400000e+01	2.400000e-01	0.000000e+00
0.139         	3.424000e+01	3.400000e+01	2.300000e-01	0.000000e+00
0.14          	3.449000e+01	3.400000e+01	2.500000e-01	0.000000e+00
0.141         	3.473000e+01	3.500000e+01	2.400000e-01	1.000000e+00
0.142         	3.496000e+01	3.500000e+01	2.300000e-01	0.000000e+00
0.143         	3.519000e+01	3.500000e+01	2.300000e-01	0.000000e+00
0.144         	3.544000e+01	3.500000e+01	2.500000e-01	0.000000e+00
0.145         	3.567000e+01	3.600000e+01	2.300000e-01	1.000000e+00
0.146         	3.591000e+01	3.600000e+01	2.400000e-01	0.000000e+00
0.147         	3.614000e+01	3.600000e+01	2.300000e-01	0.000000e+00
0.148         	3.638000e+01	3.600000e+01	2.400000e-01	0.000000e+00
0.149         	3.661000e+01	3.700000e+01	2.300000e-01	1.000000e+00
0.15          	3.685000e+01	3.700000e+01	2.400000e-01	0.000000e+00
0.151         	3.708000e+01	3.700000e+01	2.300000e-01	0.000000e+00
0.152         	3.732000e+01	3.700000e+01	2.400000e-01	0.000000e+00
0.153         	3.755000e+01	3.800000e+01	2.300000e-01	1.000000e+00
0.154         	3.779000e+01	3.800000e+01	2.400000e-01	0.000000e+00
0.155         	3.802000e+01	3.800000e+01	2.300000e-01	0.000000e+00
0.156         	3.826000e+01	3.800000e+01	2.400000e-01	0.000000e+00
0.157         	3.849000e+01	3.800000e+01	2.300000e-01	0.000000e+00
0.158         	3.873000e+01	3.900000e+01	2.400000e-01	1.000000e+00
0.159         	3.897000e+01	3.900000e+01	2.400000e-01	0.000000e+00
0.16          	3.920000e+01	3.900000e+01	2.300000e-01	0.000000e+00
0.161         	3.944000e+01	3.900000e+01	2.400000e-01	0.000000e+00
0.162         	3.967000e+01	4.000000e+01	2.300000e-01	1.000000e+00
0.163         	3.991000e+01	4.000000e+01	2.400000e-01	0.000000e+00
0.164         	4.015000e+01	4.000000e+01	2.400000e-01	0.000000e+00
0.165         	4.038000e+01	4.000000e+01	2.300000e-01	0.000000e+00
0.166         	4.062000e+01	4.100000e+01	2.400000e-01	1.000000e+00
0.167         	4.085000e+01	4.100000e+01	2.300000e-01	0.000000e+00
0.168         	4.109000e+01	4.100000e+01	2.400000e-01	0.000000e+00
0.169         	4.133000e+01	4.100000e+01	2.400000e-01	0.000000e+00
0.17          	4.155000e+01	4.200000e+01	2.200000e-01	1.000000e+00
0.171         	4.176000e+01	4.200000e+01	2.100000e-01	0.000000e+00
0.172         	4.198000e+01	4.200000e+01	2.200000e-01	0.000000e+00
0.173         	4.220000e+01	4.200000e+01	2.200000e-01	0.000000e+00
0.174         	4.241000e+01	4.200000e+01	2.100000e-01	0.000000e+00
0.175         	4.262000e+01	4.300000e+01	2.100000e-01	1.000000e+00
0.176         	4.283000e+01	4.300000e+01	2.100000e-01	0.000000e+00
0.177         	4.305000e+01	4.300000e+01	2.200000e-01	0.000000e+00
0.178         	4.326000e+01	4.300000e+01	2.100000e-01	0.000000e+00
0.179         	4.348000e+01	4.300000e+01	2.200000e-01	0.000000e+00
0.18          	4.370000e+01	4.400000e+01	2.200000e-01	1.000000e+00
0.181         	4.393000e+01	4.400000e+01	2.300000e-01	0.000000e+00
0.182         	4.416000e+01	4.400000e+01	2.300000e-01	0.000000e+00
0.183         	4.439000e+01	4.400000e+01	2.300000e-01	0.000000e+00
0.184         	4.461000e+01	4.500000e+01	2.200000e-01	1.000000e+00
0.185         	4.484000e+01	4.500000e+01	2.300000e-01	0.000000e+00
0.186         	4.506000e+01	4.500000e+01	2.200000e-01	0.000000e+00
0.187         	4.530000e+01	4.500000e+01	2.400000e-01	0.000000e+00
0.188         	4.552000e+01	4.600000e+01	2.200000e-01	1.000000e+00
0.189         	4.575000e+01	4.600000e+01	2.300000e-01	0.000000e+00
0.19          	4.597000e+01	4.600000e+01	2.200000e-01	0.000000e+00
0.191         	4.620000e+01	4.600000e+01	2.300000e-01	0.000000e+00
0.192         	4.642000e+01	4.600000e+01	2.200000e-01	0.000000e+00
0.193         	4.664000e+01	4.700000e+01	2.200000e-01	1.000000e+00
0.194         	4.687000e+01	4.700000e+01	2.300000e-01	0.000000e+00
0.195         	4.711000e+01	4.700000e+01	2.400000e-01	0.000000e+00
0.196         	4.733000e+01	4.700000e+01	2.200000e-01	0.000000e+00
0.197         	4.756000e+01	4.800000e+01	2.300000e-01	1.000000e+00
0.198         	4.779000e+01	4.800000e+01	2.300000e-01	0.000000e+00
0.199         	4.802000e+01	4.800000e+01	2.300000e-01	0.000000e+00
0.2           	4.825000e+01	4.800000e+01	2.300000e-01	0.000000e+00
0.201         	4.848000e+01	4.800000e+01	2.300000e-01	0.000000e+00
0.202         	4.871000e+01	4.900000e+01	2.300000e-01	1.000000e+00
0.203         	4.893000e+01	4.900000e+01	2.200000e-01	0.000000e+00
0.204         	4.915000e+01	4.900000e+01	2.200000e-01	0.000000e+00
0.205         	4.937000e+01	4.900000e+01	2.200000e-01	0.000000e+00
0.206         	4.960000e+01	5.000000e+01	2.300000e-01	1.000000e+00
0.207         	4.982000e+01	5.000000e+01	2.200000e-01	0.000000e+00
0.208         	5.004000e+01	5.000000e+01	2.200000e-01	0.000000e+00
0.209         	5.026000e+01	5.000000e+01	2.200000e-01	0.000000e+00
0.21          	5.049000e+01	5.000000e+01	2.300000e-01	0.000000e+00
0.211         	5.071000e+01	5.100000e+01	2.200000e-01	1.000000e+00
0.212         	5.093000e+01	5.100000e+01	2.200000e-01	0.000000e+00
0.213         	5.115000e+01	5.100000e+01	2.200000e-01	0.000000e+00
0.214         	5.137000e+01	5.100000e+01	2.200000e-01	0.000000e+00
0.215         	5.159000e+01	5.200000e+01	2.200000e-01	1.000000e+00
0.216         	5.181000e+01	5.200000e+01	2.200000e-01	0.000000e+00
0.217         	5.202000e+01	5.200000e+01	2.100000e-01	0.000000e+00
0.218         	5.224000e+01	5.200000e+01	2.200000e-01	0.000000e+00
0.219         	5.246000e+01	5.200000e+01	2.200000e-01	0.000000e+00
0.22          	5.267000e+01	5.300000e+01	2.100000e-01	1.000000e+00
0.221         	5.290000e+01	5.300000e+01	2.300000e-01	0.000000e+00
0.222         	5.311000e+01	5.300000e+01	2.100000e-01	0.000000e+00
0.223         	5.333000e+01	5.300000e+01	2.200000e-01	0.000000e+00
0.224         	5.355000e+01	5.400000e+01	2.200000e-01	1.000000e+00
0.225         	5.377000e+01	5.400000e+01	2.200000e-01	0.000000e+00
0.226         	5.398000e+01	5.400000e+01	2.100000e-01	0.000000e+00
0.227         	5.419000e+01	5.400000e+01	2.100000e-01	0.000000e+00
0.228         	5.442000e+01	5.400000e+01	2.300000e-01	0.000000e+00
0.229         	5.463000e+01	5.500000e+01	2.100000e-01	1.000000e+00
0.23          	5.485000e+01	5.500000e+01	2.200000e-01	0.000000e+00
0.231         	5.506000e+01	5.500000e+01	2.100000e-01	0.000000e+00
0.232         	5.528000e+01	5.500000e+01	2.200000e-01	0.000000e+00
0.233         	5.549000e+01	5.500000e+01	2.100000e-01	0.000000e+00
0.234         	5.571000e+01	5.600000e+01	2.200000e-01	1.000000e+00
0.235         	5.592000e+01	5.600000e+01	2.100000e-01	0.000000e+00
0.236         	5.614000e+01	5.600000e+01	2.200000e-01	0.000000e+00
0.237         	5.637000e+01	5.600000e+01	2.300000e-01	0.000000e+00
0.238         	5.659000e+01	5.700000e+01	2.200000e-01	1.000000e+00
0.239         	5.681000e+01	5.700000e+01	2.200000e-01	0.000000e+00
0.24          	5.703000e+01	5.700000e+01	2.200000e-01	0.000000e+00
0.241         	5.726000e+01	5.700000e+01	2.300000e-01	0.000000e+00
0.242         	5.747000e+01	5.700000e+01	2.100000e-01	0.000000e+00
0.243         	5.770000e+01	5.800000e+01	2.300000e-01	1.000000e+00
0.244         	5.791000e+01	5.800000e+01	2.100000e-01	0.000000e+00
0.245         	5.814000e+01	5.800000e+01	2.300000e-01	0.000000e+00
0.246         	5.836000e+01	5.800000e+01	2.200000e-01	0.000000e+00
0.247         	5.858000e+01	5.900000e+01	2.200000e-01	1.000000e+00
0.248         	5.879000e+01	5.900000e+01	2.100000e-01	0.000000e+00
0.249         	5.902000e+01	5.900000e+01	2.300000e-01	0.000000e+00
0.25          	5.923000e+01	5.900000e+01	2.100000e-01	0.000000e+00
0.251         	5.945000e+01	5.900000e+01	2.200000e-01	0.000000e+00
0.252         	5.967000e+01	6.000000e+01	2.200000e-01	1.000000e+00
0.253         	5.990000e+01	6.000000e+01	2.300000e-01	0.000000e+00
0.254         	6.011000e+01	6.000000e+01	2.100000e-01	0.000000e+00
0.255         	6.034000e+01	6.000000e+01	2.300000e-01	0.000000e+00
0.256         	6.055000e+01	6.100000e+01	2.100000e-01	1.000000e+00
0.257         	6.077000e+01	6.100000e+01	2.200000e-01	0.000000e+00
0.258         	6.099000e+01	6.100000e+01	2.200000e-01	0.000000e+00
0.259         	6.121000e+01	6.100000e+01	2.200000e-01	0.000000e+00
0.26          	6.143000e+01	6.100000e+01	2.200000e-01	0.000000e+00
0.261         	6.165000e+01	6.200000e+01	2.200000e-01	1.000000e+00
0.262         	6.186000e+01	6.200000e+01	2.100000e-01	0.000000e+00
0.263         	6.209000e+01	6.200000e+01	2.300000e-01	0.000000e+00
0.264         	6.230000e+01	6.200000e+01	2.100000e-01	0.000000e+00
0.265         	6.252000e+01	6.300000e+01	2.200000e-01	1.000000e+00
0.266         	6.274000e+01	6.300000e+01	2.200000e-01	0.000000e+00
0.267         	6.296000e+01	6.300000e+01	2.200000e-01	0.000000e+00
0.268         	6.317000e+01	6.300000e+01	2.100000e-01	0.000000e+00
0.269         	6.340000e+01	6.300000e+01	2.300000e-01	0.000000e+00
0.27          	6.361000e+01	6.400000e+01	2.100000e-01	1.000000e+00
0.271         	6.383000e+01	6.400000e+01	2.200000e-01	0.000000e+00
0.272         	6.405000e+01	6.400000e+01	2.200000e-01	0.000000e+00
0.273         	6.426000e+01	6.400000e+01	2.100000e-01	0.000000e+00
0.274         	6.447000e+01	6.400000e+01	2.100000e-01	0.000000e+00
0.275         	6.470000e+01	6.500000e+01	2.300000e-01	1.000000e+00
0.276         	6.490000e+01	6.500000e+01	2.000000e-01	0.000000e+00
0.277         	6.511000e+01	6.500000e+01	2.100000e-01	0.000000e+00
0.278         	6.532000e+01	6.500000e+01	2.100000e-01	0.000000e+00
0.279         	6.554000e+01	6.600000e+01	2.200000e-01	1.000000e+00
0.28          	6.575000e+01	6.600000e+01	2.100000e-01	0.000000e+00
0.281         	6.593000e+01	6.600000e+01	1.800000e-01	0.000000e+00
0.282         	6.615000e+01	6.600000e+01	2.200000e-01	0.000000e+00
0.283         	6.636000e+01	6.600000e+01	2.100000e-01	0.000000e+00
0.284         	6.656000e+01	6.700000e+01	2.000000e-01	1.000000e+00
0.285         	6.675000e+01	6.700000e+01	1.900000e-01	0.000000e+00
0.286         	6.695000e+01	6.700000e+01	2.000000e-01	0.000000e+00
0.287         	6.715000e+01	6.700000e+01	2.000000e-01	0.000000e+00
0.288         	6.734000e+01	6.700000e+01	1.900000e-01	0.000000e+00
0.289         	6.754000e+01	6.800000e+01	2.000000e-01	1.000000e+00
0.29          	6.774000e+01	6.800000e+01	2.000000e-01	0.000000e+00
0.291         	6.794000e+01	6.800000e+01	2.000000e-01	0.000000e+00
0.292         	6.813000e+01	6.800000e+01	1.900000e-01	0.000000e+00
0.293         	6.833000e+01	6.800000e+01	2.000000e-01	0.000000e+00
0.294         	6.851000e+01	6.800000e+01	1.800000e-01	0.000000e+00
0.295         	6.870000e+01	6.900000e+01	1.900000e-01	1.000000e+00
0.296         	6.890000e+01	6.900000e+01	2.000000e-01	0.000000e+00
0.297         	6.909000e+01	6.900000e+01	1.900000e-01	0.000000e+00
0.298         	6.929000e+01	6.900000e+01	2.000000e-01	0.000000e+00
0.299         	6.947000e+01	6.900000e+01	1.800000e-01	0.000000e+00
0.3           	6.969000e+01	7.000000e+01	2.200000e-01	1.000000e+00
0.301         	6.987000e+01	7.000000e+01	1.800000e-01	0.000000e+00
0.302         	7.005000e+01	7.000000e+01	1.800000e-01	0.000000e+00
0.303         	7.024000e+01	7.000000e+01	1.900000e-01	0.000000e+00
0.304         	7.043000e+01	7.000000e+01	1.900000e-01	0.000000e+00
0.305         	7.062000e+01	7.100000e+01	1.900000e-01	1.000000e+00
0.306         	7.080000e+01	7.100000e+01	1.800000e-01	0.000000e+00
0.307         	7.099000e+01	7.100000e+01	1.900000e-01	0.000000e+00
0.308         	7.118000e+01	7.100000e+01	1.900000e-01	0.000000e+00
0.309         	7.140000e+01	7.100000e+01	2.200000e-01	0.000000e+00
0.31          	7.157000e+01	7.200000e+01	1.700000e-01	1.000000e+00
0.311         	7.177000e+01	7.200000e+01	2.000000e-01	0.000000e+00
0.312         	7.194000e+01	7.200000e+01	1.700000e-01	0.000000e+00
0.313         	7.212000e+01	7.200000e+01	1.800000e-01	0.000000e+00
0.314         	7.231000e+01	7.200000e+01	1.900000e-01	0.000000e+00
0.315         	7.251000e+01	7.200000e+01	2.000000e-01	0.000000e+00
0.316         	7.269000e+01	7.300000e+01	1.800000e-01	1.000000e+00
0.317         	7.289000e+01	7.300000e+01	2.000000e-01	0.000000e+00
0.318         	7.307000e+01	7.300000e+01	1.800000e-01	0.000000e+00
0.319         	7.326000e+01	7.300000e+01	1.900000e-01	0.000000e+00
0.32          	7.346000e+01	7.300000e+01	2.000000e-01	0.000000e+00
0.321         	7.365000e+01	7.400000e+01	1.900000e-01	1.000000e+00
0.322         	7.383000e+01	7.400000e+01	1.800000e-01	0.000000e+00
0.323         	7.404000e+01	7.400000e+01	2.100000e-01	0.000000e+00
0.324         	7.424000e+01	7.400000e+01	2.000000e-01	0.000000e+00
0.325         	7.441000e+01	7.400000e+01	1.700000e-01	0.000000e+00
0.326         	7.458000e+01	7.500000e+01	1.700000e-01	1.000000e+00
0.327         	7.478000e+01	7.500000e+01	2.000000e-01	0.000000e+00
0.328         	7.495000e+01	7.500000e+01	1.700000e-01	0.000000e+00
0.329         	7.514000e+01	7.500000e+01	1.900000e-01	0.000000e+00
0.33          	7.533000e+01	7.500000e+01	1.900000e-01	0.000000e+00
0.331         	7.552000e+01	7.600000e+01	1.900000e-01	1.000000e+00
0.332         	7.570000e+01	7.600000e+01	1.800000e-01	0.000000e+00
0.333         	7.590000e+01	7.600000e+01	2.000000e-01	0.000000e+00
0.334         	7.609000e+01	7.600000e+01	1.900000e-01	0.000000e+00
0.335         	7.628000e+01	7.600000e+01	1.900000e-01	0.000000e+00
0.336         	7.647000e+01	7.600000e+01	1.900000e-01	0.000000e+00
0.337         	7.666000e+01	7.700000e+01	1.900000e-01	1.000000e+00
0.338         	7.684000e+01	7.700000e+01	1.800000e-01	0.000000e+00
0.339         	7.703000e+01	7.700000e+01	1.900000e-01	0.000000e+00
0.34          	7.722000e+01	7.700000e+01	1.900000e-01	0.000000e+00
0.341         	7.741000e+01	7.700000e+01	1.900000e-01	0.000000e+00
0.342         	7.760000e+01	7.800000e+01	1.900000e-01	1.000000e+00
0.343         	7.779000e+01	7.800000e+01	1.900000e-01	0.000000e+00
0.344         	7.797000e+01	7.800000e+01	1.800000e-01	0.000000e+00
0.345         	7.818000e+01	7.800000e+01	2.100000e-01	0.000000e+00
0.346         	7.837000e+01	7.800000e+01	1.900000e-01	0.000000e+00
0.347         	7.854000e+01	7.900000e+01	1.700000e-01	1.000000e+00
0.348         	7.874000e+01	7.900000e+01	2.000000e-01	0.000000e+00
0.349         	7.893000e+01	7.900000e+01	1.900000e-01	0.000000e+00
0.35          	7.912000e+01	7.900000e+01	1.900000e-01	0.000000e+00
0.351         	7.930000e+01	7.900000e+01	1.800000e-01	0.000000e+00
0.352         	7.949000e+01	7.900000e+01	1.900000e-01	0.000000e+00
0.353         	7.969000e+01	8.000000e+01	2.000000e-01	1.000000e+00
0.354         	7.987000e+01	8.000000e+01	1.800000e-01	0.000000e+00
0.355         	8.009000e+01	8.000000e+01	2.200000e-01	0.000000e+00
0.356         	8.026000e+01	8.000000e+01	1.700000e-01	0.000000e+00
0.357         	8.044000e+01	8.000000e+01	1.800000e-01	0.000000e+00
0.358         	8.064000e+01	8.100000e+01	2.000000e-01	1.000000e+00
0.359         	8.083000e+01	8.100000e+01	1.900000e-01	0.000000e+00
0.36          	8.104000e+01	8.100000e+01	2.100000e-01	0.000000e+00
0.361         	8.123000e+01	8.100000e+01	1.900000e-01	0.000000e+00
0.362         	8.142000e+01	8.100000e+01	1.900000e-01	0.000000e+00
0.363         	8.161000e+01	8.200000e+01	1.900000e-01	1.000000e+00
0.364         	8.180000e+01	8.200000e+01	1.900000e-01	0.000000e+00
0.365         	8.199000e+01	8.200000e+01	1.900000e-01	0.000000e+00
0.366         	8.218000e+01	8.200000e+01	1.900000e-01	0.000000e+00
0.367         	8.238000e+01	8.200000e+01	2.000000e-01	0.000000e+00
0.368         	8.258000e+01	8.300000e+01	2.000000e-01	1.000000e+00
0.369         	8.276000e+01	8.300000e+01	1.800000e-01	0.000000e+00
0.37          	8.296000e+01	8.300000e+01	2.000000e-01	0.000000e+00
0.371         	8.315000e+01	8.300000e+01	1.900000e-01	0.000000e+00
0.372         	8.334000e+01	8.300000e+01	1.900000e-01	0.000000e+00
0.373         	8.354000e+01	8.400000e+01	2.000000e-01	1.000000e+00
0.374         	8.372000e+01	8.400000e+01	1.800000e-01	0.000000e+00
0.375         	8.391000e+01	8.400000e+01	1.900000e-01	0.000000e+00
0.376         	8.411000e+01	8.400000e+01	2.000000e-01	0.000000e+00
0.377         	8.430000e+01	8.400000e+01	1.900000e-01	0.000000e+00
0.378         	8.448000e+01	8.400000e+01	1.800000e-01	0.000000e+00
0.379         	8.468000e+01	8.500000e+01	2.000000e-01	1.000000e+00
0.38          	8.487000e+01	8.500000e+01	1.900000e-01	0.000000e+00
0.381         	8.506000e+01	8.500000e+01	1.900000e-01	0.000000e+00
0.382         	8.525000e+01	8.500000e+01	1.900000e-01	0.000000e+00
0.383         	8.545000e+01	8.500000e+01	2.000000e-01	0.000000e+00
0.384         	8.564000e+01	8.600000e+01	1.900000e-01	1.000000e+00
0.385         	8.584000e+01	8.600000e+01	2.000000e-01	0.000000e+00
0.386         	8.602000e+01	8.600000e+01	1.800000e-01	0.000000e+00
0.387         	8.622000e+01	8.600000e+01	2.000000e-01	0.000000e+00
0.388         	8.642000e+01	8.600000e+01	2.000000e-01	0.000000e+00
0.389         	8.661000e+01	8.700000e+01	1.900000e-01	1.000000e+00
0.39          	8.681000e+01	8.700000e+01	2.000000e-01	0.000000e+00
0.391         	8.699000e+01	8.700000e+01	1.800000e-01	0.000000e+00
0.392         	8.719000e+01	8.700000e+01	2.000000e-01	0.000000e+00
0.393         	8.738000e+01	8.700000e+01	1.900000e-01	0.000000e+00
0.394         	8.757000e+01	8.800000e+01	1.900000e-01	1.000000e+00
0.395         	8.777000e+01	8.800000e+01	2.000000e-01	0.000000e+00
0.396         	8.795000e+01	8.800000e+01	1.800000e-01	0.000000e+00
0.397         	8.814000e+01	8.800000e+01	1.900000e-01	0.000000e+00
0.398         	8.834000e+01	8.800000e+01	2.000000e-01	0.000000e+00
0.399         	8.852000e+01	8.900000e+01	1.800000e-01	1.000000e+00
0.4           	8.872000e+01	8.900000e+01	2.000000e-01	0.000000e+00
0.401         	8.891000e+01	8.900000e+01	1.900000e-01	0.000000e+00
0.402         	8.910000e+01	8.900000e+01	1.900000e-01	0.000000e+00
0.403         	8.929000e+01	8.900000e+01	1.900000e-01	0.000000e+00
0.404         	8.949000e+01	8.900000e+01	2.000000e-01	0.000000e+00
0.405         	8.967000e+01	9.000000e+01	1.800000e-01	1.000000e+00
0.406         	8.986000e+01	9.000000e+01	1.900000e-01	0.000000e+00
0.407         	9.005000e+01	9.000000e+01	1.900000e-01	0.000000e+00
0.408         	9.024000e+01	9.000000e+01	1.900000e-01	0.000000e+00
0.409         	9.042000e+01	9.000000e+01	1.800000e-01	0.000000e+00
0.41          	9.062000e+01	9.100000e+01	2.000000e-01	1.000000e+00
0.411         	9.081000e+01	9.100000e+01	1.900000e-01	0.000000e+00
0.412         	9.100000e+01	9.100000e+01	1.900000e-01	0.000000e+00
0.413         	9.120000e+01	9.100000e+01	2.000000e-01	0.000000e+00
0.414         	9.139000e+01	9.100000e+01	1.900000e-01	0.000000e+00
0.415         	9.158000e+01	9.200000e+01	1.900000e-01	1.000000e+00
0.416         	9.177000e+01	9.200000e+01	1.900000e-01	0.000000e+00
0.417         	9.195000e+01	9.200000e+01	1.800000e-01	0.000000e+00
0.418         	9.213000e+01	9.200000e+01	1.800000e-01	0.000000e+00
0.419         	9.233000e+01	9.200000e+01	2.000000e-01	0.000000e+00
0.42          	9.252000e+01	9.300000e+01	1.900000e-01	1.000000e+00
0.421         	9.269000e+01	9.300000e+01	1.700000e-01	0.000000e+00
0.422         	9.289000e+01	9.300000e+01	2.000000e-01	0.000000e+00
0.423         	9.308000e+01	9.300000e+01	1.900000e-01	0.000000e+00
0.424         	9.326000e+01	9.300000e+01	1.800000e-01	0.000000e+00
0.425         	9.343000e+01	9.300000e+01	1.700000e-01	0.000000e+00
0.426         	9.361000e+01	9.400000e+01	1.800000e-01	1.000000e+00
0.427         	9.379000e+01	9.400000e+01	1.800000e-01	0.000000e+00
0.428         	9.396000e+01	9.400000e+01	1.700000e-01	0.000000e+00
0.429         	9.414000e+01	9.400000e+01	1.800000e-01	0.000000e+00
0.43          	9.431000e+01	9.400000e+01	1.700000e-01	0.000000e+00
0.431         	9.449000e+01	9.400000e+01	1.800000e-01	0.000000e+00
0.432         	9.466000e+01	9.500000e+01	1.700000e-01	1.000000e+00
0.433         	9.484000e+01	9.500000e+01	1.800000e-01	0.000000e+00
0.434         	9.502000e+01	9.500000e+01	1.800000e-01	0.000000e+00
0.435         	9.519000e+01	9.500000e+01	1.700000e-01	0.000000e+00
0.436         	9.538000e+01	9.500000e+01	1.900000e-01	0.000000e+00
0.437         	9.556000e+01	9.600000e+01	1.800000e-01	1.000000e+00
0.438         	9.573000e+01	9.600000e+01	1.700000e-01	0.000000e+00
0.439         	9.593000e+01	9.600000e+01	2.000000e-01	0.000000e+00
0.44          	9.612000e+01	9.600000e+01	1.900000e-01	0.000000e+00
0.441         	9.630000e+01	9.600000e+01	1.800000e-01	0.000000e+00
0.442         	9.647000e+01	9.600000e+01	1.700000e-01	0.000000e+00
0.443         	9.666000e+01	9.700000e+01	1.900000e-01	1.000000e+00
0.444         	9.685000e+01	9.700000e+01	1.900000e-01	0.000000e+00
0.445         	9.703000e+01	9.700000e+01	1.800000e-01	0.000000e+00
0.446         	9.722000e+01	9.700000e+01	1.900000e-01	0.000000e+00
0.447         	9.741000e+01	9.700000e+01	1.900000e-01	0.000000e+00
0.448         	9.758000e+01	9.800000e+01	1.700000e-01	1.000000e+00
0.449         	9.777000e+01	9.800000e+01	1.900000e-01	0.000000e+00
0.45          	9.796000e+01	9.800000e+01	1.900000e-01	0.000000e+00
0.451         	9.813000e+01	9.800000e+01	1.700000e-01	0.000000e+00
0.452         	9.831000e+01	9.800000e+01	1.800000e-01	0.000000e+00
0.453         	9.850000e+01	9.800000e+01	1.900000e-01	0.000000e+00
0.454         	9.868000e+01	9.900000e+01	1.800000e-01	1.000000e+00
0.455         	9.886000e+01	9.900000e+01	1.800000e-01	0.000000e+00
0.456         	9.905000e+01	9.900000e+01	1.900000e-01	0.000000e+00
0.457         	9.923000e+01	9.900000e+01	1.800000e-01	0.000000e+00
0.458         	9.941000e+01	9.900000e+01	1.800000e-01	0.000000e+00
0.459         	9.958000e+01	1.000000e+02	1.700000e-01	1.000000e+00
0.46          	9.977000e+01	1.000000e+02	1.900000e-01	0.000000e+00
0.461         	9.995000e+01	1.000000e+02	1.800000e-01	0.000000e+00
0.462         	1.001300e+02	1.000000e+02	1.800000e-01	0.000000e+00
0.463         	1.003100e+02	1.000000e+02	1.800000e-01	0.000000e+00
0.464         	1.004700e+02	1.000000e+02	1.600000e-01	0.000000e+00
0.465         	1.006400e+02	1.010000e+02	1.700000e-01	1.000000e+00
0.466         	1.008000e+02	1.010000e+02	1.600000e-01	0.000000e+00
0.467         	1.009700e+02	1.010000e+02	1.700000e-01	0.000000e+00
0.468         	1.011500e+02	1.010000e+02	1.800000e-01	0.000000e+00
0.469         	1.013300e+02	1.010000e+02	1.800000e-01	0.000000e+00
0.47          	1.015000e+02	1.010000e+02	1.700000e-01	0.000000e+00
0.471         	1.016800e+02	1.020000e+02	1.800000e-01	1.000000e+00
0.472         	1.018600e+02	1.020000e+02	1.800000e-01	0.000000e+00
0.473         	1.020300e+02	1.020000e+02	1.700000e-01	0.000000e+00
0.474         	1.022200e+02	1.020000e+02	1.900000e-01	0.000000e+00
0.475         	1.024000e+02	1.020000e+02	1.800000e-01	0.000000e+00
0.476         	1.025700e+02	1.030000e+02	1.700000e-01	1.000000e+00
0.477         	1.027400e+02	1.030000e+02	1.700000e-01	0.000000e+00
0.478         	1.029100e+02	1.030000e+02	1.700000e-01	0.000000e+00
0.479         	1.031100e+02	1.030000e+02	2.000000e-01	0.000000e+00
0.48          	1.032700e+02	1.030000e+02	1.600000e-01	0.000000e+00
0.481         	1.034400e+02	1.030000e+02	1.700000e-01	0.000000e+00
0.482         	1.036300e+02	1.040000e+02	1.900000e-01	1.000000e+00
0.483         	1.038000e+02	1.040000e+02	1.700000e-01	0.000000e+00
0.484         	1.039700e+02	1.040000e+02	1.700000e-01	0.000000e+00
0.485         	1.041500e+02	1.040000e+02	1.800000e-01	0.000000e+00
0.486         	1.043400e+02	1.040000e+02	1.900000e-01	0.000000e+00
0.487         	1.045100e+02	1.040000e+02	1.700000e-01	0.000000e+00
0.488         	1.046900e+02	1.050000e+02	1.800000e-01	1.000000e+00
0.489         	1.048700e+02	1.050000e+02	1.800000e-01	0.000000e+00
0.49          	1.050600e+02	1.050000e+02	1.900000e-01	0.000000e+00
0.491         	1.052400e+02	1.050000e+02	1.800000e-01	0.000000e+00
0.492         	1.054100e+02	1.050000e+02	1.700000e-01	0.000000e+00
0.493         	1.056000e+02	1.060000e+02	1.900000e-01	1.000000e+00
0.494         	1.057800e+02	1.060000e+02	1.800000e-01	0.000000e+00
0.495         	1.059600e+02	1.060000e+02	1.800000e-01	0.000000e+00
0.496         	1.061300e+02	1.060000e+02	1.700000e-01	0.000000e+00
0.497         	1.063200e+02	1.060000e+02	1.900000e-01	0.000000e+00
0.498         	1.065000e+02	1.060000e+02	1.800000e-01	0.000000e+00
0.499         	1.066700e+02	1.070000e+02	1.700000e-01	1.000000e+00
0.5           	1.068500e+02	1.070000e+02	1.800000e-01	0.000000e+00
0.501         	1.070200e+02	1.070000e+02	1.700000e-01	0.000000e+00
0.502         	1.071800e+02	1.070000e+02	1.600000e-01	0.000000e+00
0.503         	1.073500e+02	1.070000e+02	1.700000e-01	0.000000e+00
0.504         	1.075100e+02	1.080000e+02	1.600000e-01	1.000000e+00
0.505         	1.077000e+02	1.080000e+02	1.900000e-01	0.000000e+00
0.506         	1.078900e+02	1.080000e+02	1.900000e-01	0.000000e+00
0.507         	1.080600e+02	1.080000e+02	1.700000e-01	0.000000e+00
0.508         	1.082500e+02	1.080000e+02	1.900000e-01	0.000000e+00
0.509         	1.084300e+02	1.080000e+02	1.800000e-01	0.000000e+00
0.51          	1.086100e+02	1.090000e+02	1.800000e-01	1.000000e+00
0.511         	1.087700e+02	1.090000e+02	1.600000e-01	0.000000e+00
0.512         	1.089400e+02	1.090000e+02	1.700000e-01	0.000000e+00
0.513         	1.091200e+02	1.090000e+02	1.800000e-01	0.000000e+00
0.514         	1.093000e+02	1.090000e+02	1.800000e-01	0.000000e+00
0.515         	1.094700e+02	1.090000e+02	1.700000e-01	0.000000e+00
0.516         	1.096600e+02	1.100000e+02	1.900000e-01	1.000000e+00
0.517         	1.098500e+02	1.100000e+02	1.900000e-01	0.000000e+00
0.518         	1.100200e+02	1.100000e+02	1.700000e-01	0.000000e+00
0.519         	1.101900e+02	1.100000e+02	1.700000e-01	0.000000e+00
0.52          	1.103700e+02	1.100000e+02	1.800000e-01	0.000000e+00
0.521         	1.105300e+02	1.110000e+02	1.600000e-01	1.000000e+00
0.522         	1.107100e+02	1.110000e+02	1.800000e-01	0.000000e+00
0.523         	1.108800e+02	1.110000e+02	1.700000e-01	0.000000e+00
0.524         	1.110500e+02	1.110000e+02	1.700000e-01	0.000000e+00
0.525         	1.112200e+02	1.110000e+02	1.700000e-01	0.000000e+00
0.526         	1.114000e+02	1.110000e+02	1.800000e-01	0.000000e+00
0.527         	1.115800e+02	1.120000e+02	1.800000e-01	1.000000e+00
0.528         	1.117500e+02	1.120000e+02	1.700000e-01	0.000000e+00
0.529         	1.119200e+02	1.120000e+02	1.700000e-01	0.000000e+00
0.53          	1.121100e+02	1.120000e+02	1.900000e-01	0.000000e+00
0.531         	1.122900e+02	1.120000e+02	1.800000e-01	0.000000e+00
0.532         	1.124600e+02	1.120000e+02	1.700000e-01	0.000000e+00
0.533         	1.126500e+02	1.130000e+02	1.900000e-01	1.000000e+00
0.534         	1.128200e+02	1.130000e+02	1.700000e-01	0.000000e+00
0.535         	1.130000e+02	1.130000e+02	1.800000e-01	0.000000e+00
0.536         	1.131800e+02	1.130000e+02	1.800000e-01	0.000000e+00
0.537         	1.133500e+02	1.130000e+02	1.700000e-01	0.000000e+00
0.538         	1.135300e+02	1.140000e+02	1.800000e-01	1.000000e+00
0.539         	1.137100e+02	1.140000e+02	1.800000e-01	0.000000e+00
0.54          	1.139000e+02	1.140000e+02	1.900000e-01	0.000000e+00
0.541         	1.140600e+02	1.140000e+02	1.600000e-01	0.000000e+00
0.542         	1.142500e+02	1.140000e+02	1.900000e-01	0.000000e+00
0.543         	1.144300e+02	1.140000e+02	1.800000e-01	0.000000e+00
0.544         	1.145900e+02	1.150000e+02	1.600000e-01	1.000000e+00
0.545         	1.147600e+02	1.150000e+02	1.700000e-01	0.000000e+00
0.546         	1.149300e+02	1.150000e+02	1.700000e-01	0.000000e+00
0.547         	1.151000e+02	1.150000e+02	1.700000e-01	0.000000e+00
0.548         	1.152800e+02	1.150000e+02	1.800000e-01	0.000000e+00
0.549         	1.154500e+02	1.150000e+02	1.700000e-01	0.000000e+00
0.55          	1.156300e+02	1.160000e+02	1.800000e-01	1.000000e+00
0.551         	1.158100e+02	1.160000e+02	1.800000e-01	0.000000e+00
0.552         	1.159800e+02	1.160000e+02	1.700000e-01	0.000000e+00
0.553         	1.161400e+02	1.160000e+02	1.600000e-01	0.000000e+00
0.554         	1.163100e+02	1.160000e+02	1.700000e-01	0.000000e+00
0.555         	1.164900e+02	1.160000e+02	1.800000e-01	0.000000e+00
0.556         	1.166500e+02	1.170000e+02	1.600000e-01	1.000000e+00
0.557         	1.168200e+02	1.170000e+02	1.700000e-01	0.000000e+00
0.558         	1.169900e+02	1.170000e+02	1.700000e-01	0.000000e+00
0.559         	1.171500e+02	1.170000e+02	1.600000e-01	0.000000e+00
0.56          	1.173200e+02	1.170000e+02	1.700000e-01	0.000000e+00
0.561         	1.174900e+02	1.170000e+02	1.700000e-01	0.000000e+00
0.562         	1.176500e+02	1.180000e+02	1.600000e-01	1.000000e+00
0.563         	1.178100e+02	1.180000e+02	1.600000e-01	0.000000e+00
0.564         	1.179800e+02	1.180000e+02	1.700000e-01	0.000000e+00
0.565         	1.181400e+02	1.180000e+02	1.600000e-01	0.000000e+00
0.566         	1.183100e+02	1.180000e+02	1.700000e-01	0.000000e+00
0.567         	1.184600e+02	1.180000e+02	1.500000e-01	0.000000e+00
0.568         	1.186300e+02	1.190000e+02	1.700000e-01	1.000000e+00
0.569         	1.187900e+02	1.190000e+02	1.600000e-01	0.000000e+00
0.57          	1.189500e+02	1.190000e+02	1.600000e-01	0.000000e+00
0.571         	1.191100e+02	1.190000e+02	1.600000e-01	0.000000e+00
0.572         	1.192800e+02	1.190000e+02	1.700000e-01	0.000000e+00
0.573         	1.194500e+02	1.190000e+02	1.700000e-01	0.000000e+00
0.574         	1.196300e+02	1.200000e+02	1.800000e-01	1.000000e+00
0.575         	1.198100e+02	1.200000e+02	1.800000e-01	0.000000e+00
0.576         	1.199800e+02	1.200000e+02	1.700000e-01	0.000000e+00
0.577         	1.201500e+02	1.200000e+02	1.700000e-01	0.000000e+00
0.578         	1.203100e+02	1.200000e+02	1.600000e-01	0.000000e+00
0.579         	1.204700e+02	1.200000e+02	1.600000e-01	0.000000e+00
0.58          	1.206300e+02	1.210000e+02	1.600000e-01	1.000000e+00
0.581         	1.208000e+02	1.210000e+02	1.700000e-01	0.000000e+00
0.582         	1.209600e+02	1.210000e+02	1.600000e-01	0.000000e+00
0.583         	1.211200e+02	1.210000e+02	1.600000e-01	0.000000e+00
0.584         	1.212800e+02	1.210000e+02	1.600000e-01	0.000000e+00
0.585         	1.214500e+02	1.210000e+02	1.700000e-01	0.000000e+00
0.586         	1.216200e+02	1.220000e+02	1.700000e-01	1.000000e+00
0.587         	1.217800e+02	1.220000e+02	1.600000e-01	0.000000e+00
0.588         	1.219400e+02	1.220000e+02	1.600000e-01	0.000000e+00
0.589         	1.221100e+02	1.220000e+02	1.700000e-01	0.000000e+00
0.59          	1.222800e+02	1.220000e+02	1.700000e-01	0.000000e+00
0.591         	1.224400e+02	1.220000e+02	1.600000e-01	0.000000e+00
0.592         	1.226000e+02	1.230000e+02	1.600000e-01	1.000000e+00
0.593         	1.227600e+02	1.230000e+02	1.600000e-01	0.000000e+00
0.594         	1.229300e+02	1.230000e+02	1.700000e-01	0.000000e+00
0.595         	1.231100e+02	1.230000e+02	1.800000e-01	0.000000e+00
0.596         	1.232900e+02	1.230000e+02	1.800000e-01	0.000000e+00
0.597         	1.234800e+02	1.230000e+02	1.900000e-01	0.000000e+00
0.598         	1.236500e+02	1.240000e+02	1.700000e-01	1.000000e+00
0.599         	1.238300e+02	1.240000e+02	1.800000e-01	0.000000e+00
0.6           	1.239900e+02	1.240000e+02	1.600000e-01	0.000000e+00
0.601         	1.241700e+02	1.240000e+02	1.800000e-01	0.000000e+00
0.602         	1.243500e+02	1.240000e+02	1.800000e-01	0.000000e+00
0.603         	1.245200e+02	1.250000e+02	1.700000e-01	1.000000e+00
0.604         	1.247000e+02	1.250000e+02	1.800000e-01	0.000000e+00
0.605         	1.248700e+02	1.250000e+02	1.700000e-01	0.000000e+00
0.606         	1.250500e+02	1.250000e+02	1.800000e-01	0.000000e+00
0.607         	1.252400e+02	1.250000e+02	1.900000e-01	0.000000e+00
0.608         	1.254000e+02	1.250000e+02	1.600000e-01	0.000000e+00
0.609         	1.255900e+02	1.260000e+02	1.900000e-01	1.000000e+00
0.61          	1.257500e+02	1.260000e+02	1.600000e-01	0.000000e+00
0.611         	1.259400e+02	1.260000e+02	1.900000e-01	0.000000e+00
0.612         	1.261200e+02	1.260000e+02	1.800000e-01	0.000000e+00
0.613         	1.262800e+02	1.260000e+02	1.600000e-01	0.000000e+00
0.614         	1.264500e+02	1.260000e+02	1.700000e-01	0.000000e+00
0.615         	1.266400e+02	1.270000e+02	1.900000e-01	1.000000e+00
0.616         	1.268200e+02	1.270000e+02	1.800000e-01	0.000000e+00
0.617         	1.269800e+02	1.270000e+02	1.600000e-01	0.000000e+00
0.618         	1.271600e+02	1.270000e+02	1.800000e-01	0.000000e+00
0.619         	1.273500e+02	1.270000e+02	1.900000e-01	0.000000e+00
0.62          	1.275100e+02	1.280000e+02	1.600000e-01	1.000000e+00
0.621         	1.276800e+02	1.280000e+02	1.700000e-01	0.000000e+00
0.622         	1.278500e+02	1.280000e+02	1.700000e-01	0.000000e+00
0.623         	1.280200e+02	1.280000e+02	1.700000e-01	0.000000e+00
0.624         	1.281900e+02	1.280000e+02	1.700000e-01	0.000000e+00
0.625         	1.283600e+02	1.280000e+02	1.700000e-01	0.000000e+00
0.626         	1.285200e+02	1.290000e+02	1.600000e-01	1.000000e+00
0.627         	1.286800e+02	1.290000e+02	1.600000e-01	0.000000e+00
0.628         	1.288500e+02	1.290000e+02	1.700000e-01	0.000000e+00
0.629         	1.290100e+02	1.290000e+02	1.600000e-01	0.000000e+00
0.63          	1.291800e+02	1.290000e+02	1.700000e-01	0.000000e+00
0.631         	1.293400e+02	1.290000e+02	1.600000e-01	0.000000e+00
0.632         	1.295000e+02	1.300000e+02	1.600000e-01	1.000000e+00
0.633         	1.296600e+02	1.300000e+02	1.600000e-01	0.000000e+00
0.634         	1.298300e+02	1.300000e+02	1.700000e-01	0.000000e+00
0.635         	1.299900e+02	1.300000e+02	1.600000e-01	0.000000e+00
0.636         	1.301500e+02	1.300000e+02	1.600000e-01	0.000000e+00
0.637         	1.303100e+02	1.300000e+02	1.600000e-01	0.000000e+00
0.638         	1.304800e+02	1.310000e+02	1.700000e-01	1.000000e+00
0.639         	1.306400e+02	1.310000e+02	1.600000e-01	0.000000e+00
0.64          	1.308100e+02	1.310000e+02	1.700000e-01	0.000000e+00
0.641         	1.309600e+02	1.310000e+02	1.500000e-01	0.000000e+00
0.642         	1.311300e+02	1.310000e+02	1.700000e-01	0.000000e+00
0.643         	1.312800e+02	1.310000e+02	1.500000e-01	0.000000e+00
0.644         	1.314500e+02	1.320000e+02	1.700000e-01	1.000000e+00
0.645         	1.316100e+02	1.320000e+02	1.600000e-01	0.000000e+00
0.646         	1.317700e+02	1.320000e+02	1.600000e-01	0.000000e+00
0.647         	1.319400e+02	1.320000e+02	1.700000e-01	0.000000e+00
0.648         	1.321000e+02	1.320000e+02	1.600000e-01	0.000000e+00
0.649         	1.322700e+02	1.320000e+02	1.700000e-01	0.000000e+00
0.65          	1.324300e+02	1.330000e+02	1.600000e-01	1.000000e+00
0.651         	1.325900e+02	1.330000e+02	1.600000e-01	0.000000e+00
0.652         	1.327600e+02	1.330000e+02	1.700000e-01	0.000000e+00
0.653         	1.329100e+02	1.330000e+02	1.500000e-01	0.000000e+00
0.654         	1.330700e+02	1.330000e+02	1.600000e-01	0.000000e+00
0.655         	1.332400e+02	1.330000e+02	1.700000e-01	0.000000e+00
0.656         	1.334000e+02	1.330000e+02	1.600000e-01	0.000000e+00
0.657         	1.335600e+02	1.340000e+02	1.600000e-01	1.000000e+00
0.658         	1.337200e+02	1.340000e+02	1.600000e-01	0.000000e+00
0.659         	1.338900e+02	1.340000e+02	1.700000e-01	0.000000e+00
0.66          	1.340400e+02	1.340000e+02	1.500000e-01	0.000000e+00
0.661         	1.342100e+02	1.340000e+02	1.700000e-01	0.000000e+00
0.662         	1.343700e+02	1.340000e+02	1.600000e-01	0.000000e+00
0.663         	1.345300e+02	1.350000e+02	1.600000e-01	1.000000e+00
0.664         	1.346900e+02	1.350000e+02	1.600000e-01	0.000000e+00
0.665         	1.348500e+02	1.350000e+02	1.600000e-01	0.000000e+00
0.666         	1.350200e+02	1.350000e+02	1.700000e-01	0.000000e+00
0.667         	1.351900e+02	1.350000e+02	1.700000e-01	0.000000e+00
0.668         	1.353400e+02	1.350000e+02	1.500000e-01	0.000000e+00
0.669         	1.355100e+02	1.360000e+02	1.700000e-01	1.000000e+00
0.67          	1.356600e+02	1.360000e+02	1.500000e-01	0.000000e+00
0.671         	1.358300e+02	1.360000e+02	1.700000e-01	0.000000e+00
0.672         	1.359900e+02	1.360000e+02	1.600000e-01	0.000000e+00
0.673         	1.361600e+02	1.360000e+02	1.700000e-01	0.000000e+00
0.674         	1.363200e+02	1.360000e+02	1.600000e-01	0.000000e+00
0.675         	1.364800e+02	1.370000e+02	1.600000e-01	1.000000e+00
0.676         	1.366400e+02	1.370000e+02	1.600000e-01	0.000000e+00
0.677         	1.368000e+02	1.370000e+02	1.600000e-01	0.000000e+00
0.678         	1.369600e+02	1.370000e+02	1.600000e-01	0.000000e+00
0.679         	1.371200e+02	1.370000e+02	1.600000e-01	0.000000e+00
0.68          	1.372900e+02	1.370000e+02	1.700000e-01	0.000000e+00
0.681         	1.374500e+02	1.380000e+02	1.600000e-01	1.000000e+00
0.682         	1.376100e+02	1.380000e+02	1.600000e-01	0.000000e+00
0.683         	1.377800e+02	1.380000e+02	1.700000e-01	0.000000e+00
0.684         	1.379400e+02	1.380000e+02	1.600000e-01	0.000000e+00
0.685         	1.381100e+02	1.380000e+02	1.700000e-01	0.000000e+00
0.686         	1.382600e+02	1.380000e+02	1.500000e-01	0.000000e+00
0.687         	1.384300e+02	1.390000e+02	1.700000e-01	1.000000e+00
0.688         	1.385800e+02	1.390000e+02	1.500000e-01	0.000000e+00
0.689         	1.387500e+02	1.390000e+02	1.700000e-01	0.000000e+00
0.69          	1.389000e+02	1.390000e+02	1.500000e-01	0.000000e+00
0.691         	1.390600e+02	1.390000e+02	1.600000e-01	0.000000e+00
0.692         	1.392200e+02	1.390000e+02	1.600000e-01	0.000000e+00
0.693         	1.393800e+02	1.390000e+02	1.600000e-01	0.000000e+00
0.694         	1.395400e+02	1.400000e+02	1.600000e-01	1.000000e+00
0.695         	1.397000e+02	1.400000e+02	1.600000e-01	0.000000e+00
0.696         	1.398600e+02	1.400000e+02	1.600000e-01	0.000000e+00
0.697         	1.400300e+02	1.400000e+02	1.700000e-01	0.000000e+00
0.698         	1.401900e+02	1.400000e+02	1.600000e-01	0.000000e+00
0.699         	1.403500e+02	1.400000e+02	1.600000e-01	0.000000e+00
0.7           	1.405100e+02	1.410000e+02	1.600000e-01	1.000000e+00
0.701         	1.406700e+02	1.410000e+02	1.600000e-01	0.000000e+00
0.702         	1.408300e+02	1.410000e+02	1.600000e-01	0.000000e+00
0.703         	1.409800e+02	1.410000e+02	1.500000e-01	0.000000e+00
0.704         	1.411600e+02	1.410000e+02	1.800000e-01	0.000000e+00
0.705         	1.413200e+02	1.410000e+02	1.600000e-01	0.000000e+00
0.706         	1.414800e+02	1.420000e+02	1.600000e-01	1.000000e+00
0.707         	1.416500e+02	1.420000e+02	1.700000e-01	0.000000e+00
0.708         	1.418100e+02	1.420000e+02	1.600000e-01	0.000000e+00
0.709         	1.419700e+02	1.420000e+02	1.600000e-01	0.000000e+00
0.71          	1.421300e+02	1.420000e+02	1.600000e-01	0.000000e+00
0.711         	1.422900e+02	1.420000e+02	1.600000e-01	0.000000e+00
0.712         	1.424500e+02	1.430000e+02	1.600000e-01	1.000000e+00
0.713         	1.426100e+02	1.430000e+02	1.600000e-01	0.000000e+00
0.714         	1.427700e+02	1.430000e+02	1.600000e-01	0.000000e+00
0.715         	1.429300e+02	1.430000e+02	1.600000e-01	0.000000e+00
0.716         	1.430900e+02	1.430000e+02	1.600000e-01	0.000000e+00
0.717         	1.432400e+02	1.430000e+02	1.500000e-01	0.000000e+00
0.718         	1.434100e+02	1.430000e+02	1.700000e-01	0.000000e+00
0.719         	1.435600e+02	1.440000e+02	1.500000e-01	1.000000e+00
0.72          	1.437300e+02	1.440000e+02	1.700000e-01	0.000000e+00
0.721         	1.438800e+02	1.440000e+02	1.500000e-01	0.000000e+00
0.722         	1.440500e+02	1.440000e+02	1.700000e-01	0.000000e+00
0.723         	1.442000e+02	1.440000e+02	1.500000e-01	0.000000e+00
0.724         	1.443600e+02	1.440000e+02	1.600000e-01	0.000000e+00
0.725         	1.445300e+02	1.450000e+02	1.700000e-01	1.000000e+00
0.726         	1.446800e+02	1.450000e+02	1.500000e-01	0.000000e+00
0.727         	1.448400e+02	1.450000e+02	1.600000e-01	0.000000e+00
0.728         	1.450000e+02	1.450000e+02	1.600000e-01	0.000000e+00
0.729         	1.451600e+02	1.450000e+02	1.600000e-01	0.000000e+00
0.73          	1.453200e+02	1.450000e+02	1.600000e-01	0.000000e+00
0.731         	1.454800e+02	1.460000e+02	1.600000e-01	1.000000e+00
0.732         	1.456400e+02	1.460000e+02	1.600000e-01	0.000000e+00
0.733         	1.457900e+02	1.460000e+02	1.500000e-01	0.000000e+00
0.734         	1.459600e+02	1.460000e+02	1.700000e-01	0.000000e+00
0.735         	1.461100e+02	1.460000e+02	1.500000e-01	0.000000e+00
0.736         	1.462700e+02	1.460000e+02	1.600000e-01	0.000000e+00
0.737         	1.464400e+02	1.470000e+02	1.700000e-01	1.000000e+00
0.738         	1.466000e+02	1.470000e+02	1.600000e-01	0.000000e+00
0.739         	1.467500e+02	1.470000e+02	1.500000e-01	0.000000e+00
0.74          	1.469100e+02	1.470000e+02	1.600000e-01	0.000000e+00
0.741         	1.470800e+02	1.470000e+02	1.700000e-01	0.000000e+00
0.742         	1.472300e+02	1.470000e+02	1.500000e-01	0.000000e+00
0.743         	1.473900e+02	1.470000e+02	1.600000e-01	0.000000e+00
0.744         	1.475500e+02	1.480000e+02	1.600000e-01	1.000000e+00
0.745         	1.477200e+02	1.480000e+02	1.700000e-01	0.000000e+00
0.746         	1.478700e+02	1.480000e+02	1.500000e-01	0.000000e+00
0.747         	1.480300e+02	1.480000e+02	1.600000e-01	0.000000e+00
0.748         	1.481900e+02	1.480000e+02	1.600000e-01	0.000000e+00
0.749         	1.483500e+02	1.480000e+02	1.600000e-01	0.000000e+00
0.75          	1.485100e+02	1.490000e+02	1.600000e-01	1.000000e+00
0.751         	1.486700e+02	1.490000e+02	1.600000e-01	0.000000e+00
0.752         	1.488200e+02	1.490000e+02	1.500000e-01	0.000000e+00
0.753         	1.489900e+02	1.490000e+02	1.700000e-01	0.000000e+00
0.754         	1.491400e+02	1.490000e+02	1.500000e-01	0.000000e+00
0.755         	1.493100e+02	1.490000e+02	1.700000e-01	0.000000e+00
0.756         	1.494700e+02	1.500000e+02	1.600000e-01	1.000000e+00
0.757         	1.496200e+02	1.500000e+02	1.500000e-01	0.000000e+00
0.758         	1.497900e+02	1.500000e+02	1.700000e-01	0.000000e+00
0.759         	1.499400e+02	1.500000e+02	1.500000e-01	0.000000e+00
0.76          	1.501000e+02	1.500000e+02	1.600000e-01	0.000000e+00
0.761         	1.502600e+02	1.500000e+02	1.600000e-01	0.000000e+00
0.762         	1.504200e+02	1.510000e+02	1.600000e-01	1.000000e+00
0.763         	1.505800e+02	1.510000e+02	1.600000e-01	0.000000e+00
0.764         	1.507500e+02	1.510000e+02	1.700000e-01	0.000000e+00
0.765         	1.509000e+02	1.510000e+02	1.500000e-01	0.000000e+00
0.766         	1.510600e+02	1.510000e+02	1.600000e-01	0.000000e+00
0.767         	1.512200e+02	1.510000e+02	1.600000e-01	0.000000e+00
0.768         	1.513800e+02	1.510000e+02	1.600000e-01	0.000000e+00
0.769         	1.515400e+02	1.520000e+02	1.600000e-01	1.000000e+00
0.77          	1.517000e+02	1.520000e+02	1.600000e-01	0.000000e+00
0.771         	1.518700e+02	1.520000e+02	1.700000e-01	0.000000e+00
0.772         	1.520300e+02	1.520000e+02	1.600000e-01	0.000000e+00
0.773         	1.522000e+02	1.520000e+02	1.700000e-01	0.000000e+00
0.774         	1.523700e+02	1.520000e+02	1.700000e-01	0.000000e+00
0.775         	1.525400e+02	1.530000e+02	1.700000e-01	1.000000e+00
0.776         	1.527000e+02	1.530000e+02	1.600000e-01	0.000000e+00
0.777         	1.528600e+02	1.530000e+02	1.600000e-01	0.000000e+00
0.778         	1.530300e+02	1.530000e+02	1.700000e-01	0.000000e+00
0.779         	1.531900e+02	1.530000e+02	1.600000e-01	0.000000e+00
0.78          	1.533500e+02	1.530000e+02	1.600000e-01	0.000000e+00
0.781         	1.535200e+02	1.540000e+02	1.700000e-01	1.000000e+00
0.782         	1.537100e+02	1.540000e+02	1.900000e-01	0.000000e+00
0.783         	1.538700e+02	1.540000e+02	1.600000e-01	0.000000e+00
0.784         	1.540400e+02	1.540000e+02	1.700000e-01	0.000000e+00
0.785         	1.542100e+02	1.540000e+02	1.700000e-01	0.000000e+00
0.786         	1.543800e+02	1.540000e+02	1.700000e-01	0.000000e+00
0.787         	1.545400e+02	1.550000e+02	1.600000e-01	1.000000e+00
0.788         	1.547100e+02	1.550000e+02	1.700000e-01	0.000000e+00
0.789         	1.548700e+02	1.550000e+02	1.600000e-01	0.000000e+00
0.79          	1.550400e+02	1.550000e+02	1.700000e-01	0.000000e+00
0.791         	1.552100e+02	1.550000e+02	1.700000e-01	0.000000e+00
0.792         	1.553700e+02	1.550000e+02	1.600000e-01	0.000000e+00
0.793         	1.555300e+02	1.560000e+02	1.600000e-01	1.000000e+00
0.794         	1.556900e+02	1.560000e+02	1.600000e-01	0.000000e+00
0.795         	1.558600e+02	1.560000e+02	1.700000e-01	0.000000e+00
0.796         	1.560200e+02	1.560000e+02	1.600000e-01	0.000000e+00
0.797         	1.561900e+02	1.560000e+02	1.700000e-01	0.000000e+00
0.798         	1.563400e+02	1.560000e+02	1.500000e-01	0.000000e+00
0.799         	1.565100e+02	1.570000e+02	1.700000e-01	1.000000e+00
0.8           	1.566700e+02	1.570000e+02	1.600000e-01	0.000000e+00
0.801         	1.568300e+02	1.570000e+02	1.600000e-01	0.000000e+00
0.802         	1.570000e+02	1.570000e+02	1.700000e-01	0.000000e+00
0.803         	1.571600e+02	1.570000e+02	1.600000e-01	0.000000e+00
0.804         	1.573300e+02	1.570000e+02	1.700000e-01	0.000000e+00
0.805         	1.574800e+02	1.580000e+02	1.500000e-01	1.000000e+00
0.806         	1.576500e+02	1.580000e+02	1.700000e-01	0.000000e+00
0.807         	1.578100e+02	1.580000e+02	1.600000e-01	0.000000e+00
0.808         	1.579800e+02	1.580000e+02	1.700000e-01	0.000000e+00
0.809         	1.581400e+02	1.580000e+02	1.600000e-01	0.000000e+00
0.81          	1.582900e+02	1.580000e+02	1.500000e-01	0.000000e+00
0.811         	1.584600e+02	1.590000e+02	1.700000e-01	1.000000e+00
0.812         	1.586200e+02	1.590000e+02	1.600000e-01	0.000000e+00
0.813         	1.587900e+02	1.590000e+02	1.700000e-01	0.000000e+00
0.814         	1.589500e+02	1.590000e+02	1.600000e-01	0.000000e+00
0.815         	1.591100e+02	1.590000e+02	1.600000e-01	0.000000e+00
0.816         	1.592800e+02	1.590000e+02	1.700000e-01	0.000000e+00
0.817         	1.594400e+02	1.600000e+02	1.600000e-01	1.000000e+00
0.818         	1.596000e+02	1.600000e+02	1.600000e-01	0.000000e+00
0.819         	1.597600e+02	1.600000e+02	1.600000e-01	0.000000e+00
0.82          	1.599300e+02	1.600000e+02	1.700000e-01	0.000000e+00
0.821         	1.600900e+02	1.600000e+02	1.600000e-01	0.000000e+00
0.822         	1.602500e+02	1.600000e+02	1.600000e-01	0.000000e+00
0.823         	1.604200e+02	1.610000e+02	1.700000e-01	1.000000e+00
0.824         	1.605800e+02	1.610000e+02	1.600000e-01	0.000000e+00
0.825         	1.607400e+02	1.610000e+02	1.600000e-01	0.000000e+00
0.826         	1.609100e+02	1.610000e+02	1.700000e-01	0.000000e+00
0.827         	1.610700e+02	1.610000e+02	1.600000e-01	0.000000e+00
0.828         	1.612300e+02	1.610000e+02	1.600000e-01	0.000000e+00
0.829         	1.614000e+02	1.610000e+02	1.700000e-01	0.000000e+00
0.83          	1.615500e+02	1.620000e+02	1.500000e-01	1.000000e+00
0.831         	1.617200e+02	1.620000e+02	1.700000e-01	0.000000e+00
0.832         	1.618900e+02	1.620000e+02	1.700000e-01	0.000000e+00
0.833         	1.620500e+02	1.620000e+02	1.600000e-01	0.000000e+00
0.834         	1.622100e+02	1.620000e+02	1.600000e-01	0.000000e+00
0.835         	1.623600e+02	1.620000e+02	1.500000e-01	0.000000e+00
0.836         	1.625300e+02	1.630000e+02	1.700000e-01	1.000000e+00
0.837         	1.626900e+02	1.630000e+02	1.600000e-01	0.000000e+00
0.838         	1.628500e+02	1.630000e+02	1.600000e-01	0.000000e+00
0.839         	1.630300e+02	1.630000e+02	1.800000e-01	0.000000e+00
0.84          	1.631800e+02	1.630000e+02	1.500000e-01	0.000000e+00
0.841         	1.633500e+02	1.630000e+02	1.700000e-01	0.000000e+00
0.842         	1.635000e+02	1.640000e+02	1.500000e-01	1.000000e+00
0.843         	1.636700e+02	1.640000e+02	1.700000e-01	0.000000e+00
0.844         	1.638200e+02	1.640000e+02	1.500000e-01	0.000000e+00
0.845         	1.639900e+02	1.640000e+02	1.700000e-01	0.000000e+00
0.846         	1.641500e+02	1.640000e+02	1.600000e-01	0.000000e+00
0.847         	1.643100e+02	1.640000e+02	1.600000e-01	0.000000e+00
0.848         	1.644700e+02	1.650000e+02	1.600000e-01	1.000000e+00
0.849         	1.646300e+02	1.650000e+02	1.600000e-01	0.000000e+00
0.85          	1.647900e+02	1.650000e+02	1.600000e-01	0.000000e+00
0.851         	1.649500e+02	1.650000e+02	1.600000e-01	0.000000e+00
0.852         	1.651200e+02	1.650000e+02	1.700000e-01	0.000000e+00
0.853         	1.652700e+02	1.650000e+02	1.500000e-01	0.000000e+00
0.854         	1.654400e+02	1.660000e+02	1.700000e-01	1.000000e+00
0.855         	1.656000e+02	1.660000e+02	1.600000e-01	0.000000e+00
0.856         	1.657500e+02	1.660000e+02	1.500000e-01	0.000000e+00
0.857         	1.659200e+02	1.660000e+02	1.700000e-01	0.000000e+00
0.858         	1.660800e+02	1.660000e+02	1.600000e-01	0.000000e+00
0.859         	1.662300e+02	1.660000e+02	1.500000e-01	0.000000e+00
0.86          	1.664000e+02	1.670000e+02	1.700000e-01	1.000000e+00
0.861         	1.665500e+02	1.670000e+02	1.500000e-01	0.000000e+00
0.862         	1.667200e+02	1.670000e+02	1.700000e-01	0.000000e+00
0.863         	1.668800e+02	1.670000e+02	1.600000e-01	0.000000e+00
0.864         	1.670400e+02	1.670000e+02	1.600000e-01	0.000000e+00
0.865         	1.672000e+02	1.670000e+02	1.600000e-01	0.000000e+00
0.866         	1.673600e+02	1.670000e+02	1.600000e-01	0.000000e+00
0.867         	1.675200e+02	1.680000e+02	1.600000e-01	1.000000e+00
0.868         	1.676800e+02	1.680000e+02	1.600000e-01	0.000000e+00
0.869         	1.678400e+02	1.680000e+02	1.600000e-01	0.000000e+00
0.87          	1.680000e+02	1.680000e+02	1.600000e-01	0.000000e+00
0.871         	1.681600e+02	1.680000e+02	1.600000e-01	0.000000e+00
0.872         	1.683200e+02	1.680000e+02	1.600000e-01	0.000000e+00
0.873         	1.684800e+02	1.690000e+02	1.600000e-01	1.000000e+00
0.874         	1.686400e+02	1.690000e+02	1.600000e-01	0.000000e+00
0.875         	1.688000e+02	1.690000e+02	1.600000e-01	0.000000e+00
0.876         	1.689500e+02	1.690000e+02	1.500000e-01	0.000000e+00
0.877         	1.691200e+02	1.690000e+02	1.700000e-01	0.000000e+00
0.878         	1.692800e+02	1.690000e+02	1.600000e-01	0.000000e+00
0.879         	1.694300e+02	1.700000e+02	1.500000e-01	1.000000e+00
0.88          	1.696000e+02	1.700000e+02	1.700000e-01	0.000000e+00
0.881         	1.697500e+02	1.700000e+02	1.500000e-01	0.000000e+00
0.882         	1.699100e+02	1.700000e+02	1.600000e-01	0.000000e+00
0.883         	1.700800e+02	1.700000e+02	1.700000e-01	0.000000e+00
0.884         	1.702400e+02	1.700000e+02	1.600000e-01	0.000000e+00
0.885         	1.703900e+02	1.700000e+02	1.500000e-01	0.000000e+00
0.886         	1.705600e+02	1.710000e+02	1.700000e-01	1.000000e+00
0.887         	1.707100e+02	1.710000e+02	1.500000e-01	0.000000e+00
0.888         	1.708800e+02	1.710000e+02	1.700000e-01	0.000000e+00
0.889         	1.710300e+02	1.710000e+02	1.500000e-01	0.000000e+00
0.89          	1.711900e+02	1.710000e+02	1.600000e-01	0.000000e+00
0.891         	1.713600e+02	1.710000e+02	1.700000e-01	0.000000e+00
0.892         	1.715100e+02	1.720000e+02	1.500000e-01	1.000000e+00
0.893         	1.716800e+02	1.720000e+02	1.700000e-01	0.000000e+00
0.894         	1.718300e+02	1.720000e+02	1.500000e-01	0.000000e+00
0.895         	1.719900e+02	1.720000e+02	1.600000e-01	0.000000e+00
0.896         	1.721500e+02	1.720000e+02	1.600000e-01	0.000000e+00
0.897         	1.723200e+02	1.720000e+02	1.700000e-01	0.000000e+00
0.898         	1.724700e+02	1.730000e+02	1.500000e-01	1.000000e+00
0.899         	1.726400e+02	1.730000e+02	1.700000e-01	0.000000e+00
0.9           	1.728000e+02	1.730000e+02	1.600000e-01	0.000000e+00
0.901         	1.729600e+02	1.730000e+02	1.600000e-01	0.000000e+00
0.902         	1.731200e+02	1.730000e+02	1.600000e-01	0.000000e+00
0.903         	1.733500e+02	1.730000e+02	2.300000e-01	0.000000e+00
0.904         	1.735100e+02	1.740000e+02	1.600000e-01	1.000000e+00
0.905         	1.736700e+02	1.740000e+02	1.600000e-01	0.000000e+00
0.906         	1.738300e+02	1.740000e+02	1.600000e-01	0.000000e+00
0.907         	1.740000e+02	1.740000e+02	1.700000e-01	0.000000e+00
0.908         	1.741600e+02	1.740000e+02	1.600000e-01	0.000000e+00
0.909         	1.743300e+02	1.740000e+02	1.700000e-01	0.000000e+00
0.91          	1.745000e+02	1.750000e+02	1.700000e-01	1.000000e+00
0.911         	1.746600e+02	1.750000e+02	1.600000e-01	0.000000e+00
0.912         	1.748300e+02	1.750000e+02	1.700000e-01	0.000000e+00
0.913         	1.749900e+02	1.750000e+02	1.600000e-01	0.000000e+00
0.914         	1.751600e+02	1.750000e+02	1.700000e-01	0.000000e+00
0.915         	1.753200e+02	1.750000e+02	1.600000e-01	0.000000e+00
0.916         	1.754800e+02	1.760000e+02	1.600000e-01	1.000000e+00
0.917         	1.756500e+02	1.760000e+02	1.700000e-01	0.000000e+00
0.918         	1.758100e+02	1.760000e+02	1.600000e-01	0.000000e+00
0.919         	1.759800e+02	1.760000e+02	1.700000e-01	0.000000e+00
0.92          	1.761500e+02	1.760000e+02	1.700000e-01	0.000000e+00
0.921         	1.763100e+02	1.760000e+02	1.600000e-01	0.000000e+00
0.922         	1.764700e+02	1.770000e+02	1.600000e-01	1.000000e+00
0.923         	1.766400e+02	1.770000e+02	1.700000e-01	0.000000e+00
0.924         	1.768100e+02	1.770000e+02	1.700000e-01	0.000000e+00
0.925         	1.769800e+02	1.770000e+02	1.700000e-01	0.000000e+00
0.926         	1.771500e+02	1.770000e+02	1.700000e-01	0.000000e+00
0.927         	1.773200e+02	1.770000e+02	1.700000e-01	0.000000e+00
0.928         	1.774800e+02	1.780000e+02	1.600000e-01	1.000000e+00
0.929         	1.776700e+02	1.790000e+02	1.900000e-01	1.000000e+00
0.93          	1.778400e+02	1.790000e+02	1.700000e-01	0.000000e+00
0.931         	1.780100e+02	1.790000e+02	1.700000e-01	0.000000e+00
0.932         	1.781800e+02	1.790000e+02	1.700000e-01	0.000000e+00
0.933         	1.783500e+02	1.790000e+02	1.700000e-01	0.000000e+00
0.934         	1.785200e+02	1.790000e+02	1.700000e-01	0.000000e+00
0.935         	1.786800e+02	1.800000e+02	1.600000e-01	1.000000e+00
0.936         	1.788500e+02	1.800000e+02	1.700000e-01	0.000000e+00
0.937         	1.790200e+02	1.800000e+02	1.700000e-01	0.000000e+00
0.938         	1.791800e+02	1.800000e+02	1.600000e-01	0.000000e+00
0.939         	1.793400e+02	1.800000e+02	1.600000e-01	0.000000e+00
0.94          	1.795100e+02	1.800000e+02	1.700000e-01	0.000000e+00
0.941         	1.796800e+02	1.810000e+02	1.700000e-01	1.000000e+00
0.942         	1.798400e+02	1.810000e+02	1.600000e-01	0.000000e+00
0.943         	1.800000e+02	1.810000e+02	1.600000e-01	0.000000e+00
0.944         	1.801800e+02	1.810000e+02	1.800000e-01	0.000000e+00
0.945         	1.803500e+02	1.810000e+02	1.700000e-01	0.000000e+00
0.946         	1.805100e+02	1.810000e+02	1.600000e-01	0.000000e+00
0.947         	1.806700e+02	1.820000e+02	1.600000e-01	1.000000e+00
0.948         	1.808400e+02	1.820000e+02	1.700000e-01	0.000000e+00
0.949         	1.810100e+02	1.820000e+02	1.700000e-01	0.000000e+00
0.95          	1.811700e+02	1.820000e+02	1.600000e-01	0.000000e+00
0.951         	1.813400e+02	1.820000e+02	1.700000e-01	0.000000e+00
0.952         	1.815000e+02	1.820000e+02	1.600000e-01	0.000000e+00
0.953         	1.816700e+02	1.830000e+02	1.700000e-01	1.000000e+00
0.954         	1.818300e+02	1.830000e+02	1.600000e-01	0.000000e+00
0.955         	1.820000e+02	1.830000e+02	1.700000e-01	0.000000e+00
0.956         	1.821700e+02	1.830000e+02	1.700000e-01	0.000000e+00
0.957         	1.823400e+02	1.830000e+02	1.700000e-01	0.000000e+00
0.958         	1.825000e+02	1.830000e+02	1.600000e-01	0.000000e+00
0.959         	1.826700e+02	1.840000e+02	1.700000e-01	1.000000e+00
0.96          	1.828300e+02	1.840000e+02	1.600000e-01	0.000000e+00
0.961         	1.830000e+02	1.840000e+02	1.700000e-01	0.000000e+00
0.962         	1.831700e+02	1.840000e+02	1.700000e-01	0.000000e+00
0.963         	1.833300e+02	1.840000e+02	1.600000e-01	0.000000e+00
0.964         	1.835000e+02	1.840000e+02	1.700000e-01	0.000000e+00
0.965         	1.836700e+02	1.850000e+02	1.700000e-01	1.000000e+00
0.966         	1.838300e+02	1.850000e+02	1.600000e-01	0.000000e+00
0.967         	1.840000e+02	1.850000e+02	1.700000e-01	0.000000e+00
0.968         	1.841700e+02	1.850000e+02	1.700000e-01	0.000000e+00
0.969         	1.843300e+02	1.850000e+02	1.600000e-01	0.000000e+00
0.97          	1.844900e+02	1.850000e+02	1.600000e-01	0.000000e+00
0.971         	1.846700e+02	1.860000e+02	1.800000e-01	1.000000e+00
0.972         	1.848300e+02	1.860000e+02	1.600000e-01	0.000000e+00
0.973         	1.849900e+02	1.860000e+02	1.600000e-01	0.000000e+00
0.974         	1.851600e+02	1.860000e+02	1.700000e-01	0.000000e+00
0.975         	1.853200e+02	1.860000e+02	1.600000e-01	0.000000e+00
0.976         	1.854900e+02	1.860000e+02	1.700000e-01	0.000000e+00
0.977         	1.856600e+02	1.870000e+02	1.700000e-01	1.000000e+00
0.978         	1.858200e+02	1.870000e+02	1.600000e-01	0.000000e+00
0.979         	1.859900e+02	1.870000e+02	1.700000e-01	0.000000e+00
0.98          	1.861500e+02	1.870000e+02	1.600000e-01	0.000000e+00
0.981         	1.863100e+02	1.870000e+02	1.600000e-01	0.000000e+00
0.982         	1.864700e+02	1.870000e+02	1.600000e-01	0.000000e+00
0.983         	1.866300e+02	1.880000e+02	1.600000e-01	1.000000e+00
0.984         	1.868000e+02	1.880000e+02	1.700000e-01	0.000000e+00
0.985         	1.869600e+02	1.880000e+02	1.600000e-01	0.000000e+00
0.986         	1.871300e+02	1.880000e+02	1.700000e-01	0.000000e+00
0.987         	1.872900e+02	1.880000e+02	1.600000e-01	0.000000e+00
0.988         	1.874500e+02	1.880000e+02	1.600000e-01	0.000000e+00
0.989         	1.876100e+02	1.890000e+02	1.600000e-01	1.000000e+00
0.99          	1.877800e+02	1.890000e+02	1.700000e-01	0.000000e+00
0.991         	1.879400e+02	1.890000e+02	1.600000e-01	0.000000e+00
0.992         	1.881000e+02	1.890000e+02	1.600000e-01	0.000000e+00
0.993         	1.882600e+02	1.890000e+02	1.600000e-01	0.000000e+00
0.994         	1.884300e+02	1.890000e+02	1.700000e-01	0.000000e+00
0.995         	1.885900e+02	1.900000e+02	1.600000e-01	1.000000e+00
0.996         	1.887500e+02	1.900000e+02	1.600000e-01	0.000000e+00
0.997         	1.889100e+02	1.900000e+02	1.600000e-01	0.000000e+00
0.998         	1.890700e+02	1.900000e+02	1.600000e-01	0.000000e+00
0.999         	1.892300e+02	1.900000e+02	1.600000e-01	0.000000e+00
1             	1.894000e+02	1.900000e+02	1.700000e-01	0.000000e+00
